GenID BG20_STAND_BLUE BG20_DTP_BLUE BG20_HP_BLUE BG20_EW_BLUE BG20_EL_BLUE BG20_TPF_BLUE BG20_PH_BLUE BG20_EH_BLUE BG20_STAND_BLUP BG20_DTP_BLUP BG20_HP_BLUP BG20_EW_BLUP BG20_EL_BLUP BG20_TPF_BLUP BG20_PH_BLUP BG20_EH_BLUP
C001 79.2361130922178 59.999999590249 0.973743746128889 5.16792466528634 19.2903373545523 1.30833225973239 162.446615471946 77.5815150315649 79.2175992786674 59.1787046312844 1.11650248397892 4.91044463761931 19.3941729175994 1.59018193909741 160.174524249141 75.2839155715428
C009 92.0394795081024 59.999999590249 1.67005565773525 4.576229713861 22.9557508870593 1.55331600284938 157.458123410966 63.4717838856403 90.6236113476799 59.5501186895047 1.72349057309759 4.56064979756567 22.6508088095603 1.71876833161626 156.983673911589 64.6727295114146
C010 87.4806027613194 59.8048784992261 1.00509467352775 4.76723199478059 23.4552506251085 1.22878688727916 152.482979249125 67.8065633105849 86.3609531351941 59.5993526199619 1.17022437462741 4.68073846589493 23.0948954328043 1.44818611742825 152.089524646142 67.5729427166306
C011 83.3920592991497 59.3048792114169 1.18433061231998 4.81446344226705 21.85718341928 1.20175504925055 145.825136749042 55.3681583481895 82.9029742124595 59.2879489491436 1.30630039320786 4.70441237042494 21.6886204069318 1.5246849279011 146.985759182075 57.5504050536303
C013 59.0394795081024 59.999999590251 1.00338899106858 4.49289638052767 20.5390842203926 0.719982669516046 134.958123410966 63.4717838856403 61.8603177817627 59.5501186895047 1.18389088904673 4.51147383188664 20.5043897418196 1.04173306626038 137.679090701586 64.6727295114146
C017 68.0394795081024 59.999999590249 1.17005565773525 4.99289638052767 21.7890842203926 0.886649336182713 177.458123410966 85.9717838856403 69.7048523906492 59.1787046312844 1.31879081005945 4.80652962596081 21.6146065009959 1.17714011933156 174.143303431591 83.5465749035313
C018 75.2887587574355 59.999999590249 1.0164543392624 4.89275669306548 22.7851819728752 1.30081611264326 155.227986866932 65.7102580968872 75.3780087782597 59.1787046312844 1.17334812714031 4.73954820655047 22.5027795880711 1.60328815776774 154.987803000841 66.3953404048188
C022 54.4848755824396 59.999999590249 1.50196045019283 5.03823625281074 20.3649319806669 1.46932436915692 152.05787437633 59.615517398755 57.5629783706877 59.1787046312844 1.57991774390161 4.81939476939764 20.3563604542848 1.71733319797311 152.363356169971 61.5165635060427
C027 89.6340316775526 59.999999590249 1.000251161018 4.05386568407651 22.782972167719 2.62358895032967 154.52883528477 73.0810515290428 88.0962674636824 59.1787046312844 1.15060653909309 4.26811231576056 22.5027795526519 2.62320535166153 153.420427386469 71.2435434858534
C038 37.0826841759846 58.8048772114313 1.47858725863873 4.13129097599002 20.7959491452761 4.74686353001524 137.900759436296 62.307026813103 42.6176866884612 58.9765446952414 1.54082008255137 4.29037550849408 20.7264333038692 4.34196724392821 139.539038298811 63.2249390724904
C042 44.6340316775526 59.999999590249 2.000251161018 3.97053235074317 21.782972167719 1.62358895032967 149.52883528477 75.5810515290428 48.8735944192498 59.1787046312844 1.96000606516937 4.21893635008153 21.6146061453109 1.81076303323448 149.130520006468 73.3406374183108
C045 50.7638359810163 59.999999590249 2.86707343537966 4.74066286415454 19.0262809553621 2.60168949306612 153.884691375185 76.006955003154 54.4596028624526 59.1787046312844 2.68661329277781 4.64323885653322 19.1721292047246 2.5933203171603 153.59559353234 74.8236641439338
C046 40.4806027613195 59.999999590249 2.17176134019442 4.26723199478059 17.9552506251085 4.72878688727916 159.982979249125 67.8065633105849 45.3950501776756 59.1787046312844 2.1145238217164 4.38568267182076 18.2099416924288 4.29173423192293 158.524385716143 67.5729427166306
C047 79.6677028262358 59.999999590249 2.32064616800889 4.48336362530685 17.9533200176439 4.82004822570048 131.898568784823 52.8329872306758 79.8443096532543 59.1787046312844 2.23177656770562 4.52347138009934 18.209941654263 4.44153042834996 135.359163731321 55.7878461509408
C048 89.2063815835956 59.999999590249 1.66196820269325 4.64899150664728 20.7706044119859 3.461389398012 145.128155018239 67.6990348522046 87.9122376864046 59.1787046312844 1.68587670770933 4.61206976279247 20.7264325348027 3.32506956875966 146.177290737023 68.0026799487421
C054 89.9259988356567 59.999999590249 2.67033279931866 4.22923853373033 21.6977650520495 3.47812858692004 144.582730214489 56.4502968236996 88.1649184199197 59.1787046312844 2.51055067657129 4.34937184957856 21.5405915836462 3.34244972678156 145.324253214524 58.1254949138865
C055 73.2859082856775 59.999999590249 2.31277764745174 4.17241212994182 20.5369910025581 4.74450765128159 131.871699544622 58.758604432823 73.9053099688541 59.1787046312844 2.20478326544579 4.3512822096197 20.5043896750965 4.36757833907786 135.030188427138 60.6334282825417
C056 88.2887587574355 59.999999590249 1.5164543392624 4.30942335973215 23.2018486395419 0.800816112643258 140.227986866932 60.7102580968872 86.7090032133181 59.1787046312844 1.57804789017845 4.39531644679727 22.8728518411299 1.19706699855421 142.118080860839 62.201152539904
C057 87.9172648972495 59.6097569204018 1.19556325620325 4.52729655345045 19.7706691646392 1.66315822278329 130.93054741083 46.2814432216118 86.701440669944 59.4181680643448 1.31799624711635 4.52566850047302 19.838258984972 1.87264080839713 133.476959372664 49.1349498587527
C058 88.710907494118 59.999999590249 2.46251110224571 4.53842488743587 16.7935182758607 3.01359575286634 132.341204810152 61.6682301581385 87.6217422127841 59.1787046312844 2.31890591918484 4.54825288510192 17.1737395559129 3.00251774852666 135.074157638546 62.7284314418462
C059 72.4715860012316 59.999999590249 2.50180672374513 4.08788406556159 19.7902366765188 2.31820663585348 120.068681275424 48.9277279288079 73.2541212776238 59.1787046312844 2.36480663499517 4.29609692021508 19.8382596337671 2.43178664514813 125.113888422189 52.2782473198873
C061 80.1929084243356 59.999999590249 1.99854547855883 4.44619673649025 19.7001390963364 4.78145139923322 152.003979446611 68.7462721040982 80.156316284567 59.1787046312844 1.9736725795887 4.4922554071845 19.7642449604437 4.38326514963246 151.879715581915 68.3433302806373
C062 25.0394795081024 58.8048763431394 2.02431471031931 4.30769222045966 19.3418152439627 4.55843631047132 104.958123410966 35.9717838856403 32.2254092593025 58.9765447757091 1.9840152469214 4.43909102703213 19.513019769587 3.91654781309632 111.939646421582 41.604696254383
C065 89.5252297785639 59.999999590249 2.27348202595231 4.3729529518161 19.8736059352333 1.60656343496112 149.14422307935 66.4991066621535 88.2729309040145 59.1787046312844 2.15888254963546 4.45591027746944 19.9122742143713 1.82394722181936 149.280365023496 66.8894245395858
C067 83.7109074941181 59.999999590249 1.62917776891237 4.45509155410253 22.376851609194 1.680262419533 122.341204810152 56.6682301581384 83.2636674300694 59.1787046312844 1.64440631412127 4.49907691942289 22.1327077469001 1.91926132395726 126.494342878545 58.5342435769314
C069 89.710907494118 59.999999590249 1.29584443557904 4.20509155410253 19.876851609194 3.68026241953301 139.841204810152 69.1682301581384 88.4933571693271 59.1787046312844 1.37460647209585 4.3515490223858 19.9122742285476 3.54414596081136 141.509018708547 69.0197132392185
C074 82.0394795081024 59.999999590249 2.67005565773525 4.826229713861 18.2890842203926 4.55331600284938 137.458123410966 53.4717838856403 81.9074617822505 59.1787046312844 2.53289009917387 4.70817769460276 18.5059995753023 4.15609528689741 139.824044391586 56.2843537815849
C075 13.5252297785639 59.999999590249 2.61410424494648 3.95768283877847 16.6637954905438 2.27783612036308 96.6442230793502 36.4991066621535 22.0301942067505 59.1787046312844 2.34242717219603 4.32511738380705 17.3827750886704 2.41239285858199 104.236337533489 41.7242973500969
C076 81.9967915993314 59.999999590249 2.01303936762841 4.21738384341166 19.7870557552114 3.27960980938622 150.174091937213 59.8410128022303 81.4106625178231 59.1787046312844 1.97180272586553 4.3632328786583 19.8382594771011 3.18596368485768 150.214255032784 60.639543584669
C080 76.0394795081024 59.999999590249 1.17005565773525 4.326229713861 18.872417553726 2.21998266951605 144.958123410966 48.4717838856403 76.6777720429928 59.1787046312844 1.31879081005945 4.41312190052859 19.0241007295846 2.26039654390096 146.258905461587 52.0901659166701
C081 58.7638359810163 59.999999590249 1.200406768713 4.32399619748787 18.4429476220287 3.26835615973278 153.884691375185 61.006955003154 61.4325225147962 59.1787046312844 1.33761408265067 4.39735902813807 18.6540280504424 3.13494852944501 153.59559353234 62.2411005491893
C082 77.2092320553536 59.8048792992183 1.19897822783725 4.28600273643761 20.768795382303 3.18436452604033 158.484442340549 57.1506885162687 77.182327104209 59.5993529765286 1.32894117446741 4.36104820589588 20.72643228126 3.13351339580186 157.555090550724 59.0849345438174
C083 85.4848755824397 60.0000016780349 1.33529378352616 4.12156958614407 18.9482653140003 3.30265770249026 122.05787437633 49.615517398755 84.583042023519 59.5501193951932 1.4450178228889 4.27845914692833 19.098114793885 3.20681078175604 126.623911889967 53.128187776213
C085 91.7109074941181 58.8048781675218 1.62917776891237 4.3717582207692 19.876851609194 1.84692908619967 142.341204810152 56.6682301581384 90.236587082413 58.976545051767 1.64440631412127 4.44990095374386 19.9122742285476 2.05466837702843 143.653972398547 58.5342435769314
C090 86.5252297785639 59.6097548326116 2.10681535928564 4.45628628514943 18.2069392685666 3.10656343496112 151.64422307935 51.4991066621535 85.6580860343856 59.4181680652157 2.02398262862275 4.50508624314847 18.4319852021363 3.04261069945994 151.425318713496 54.3068609448414
C091 74.2063815835956 59.999999590249 1.66196820269325 3.89899150664728 18.1872710786526 3.461389398012 152.628155018239 70.1990348522046 74.8380133382604 59.1787046312844 1.68587670770933 4.16948607168121 18.4319845658384 3.32506956875966 152.612151807023 70.0997738811995
C092 91.4806027613194 59.999999590249 1.00509467352775 4.26723199478059 19.2052506251085 4.72878688727916 132.482979249125 55.3065633105849 89.8474129613659 59.1787046312844 1.17022437462741 4.38568267182076 19.320158451605 4.29173423192293 134.92989512614 57.0874730543436
C097 54.4806027613194 59.999999590249 1.50509467352775 4.68389866144726 19.6219172917752 4.22878688727916 134.982979249125 55.3065633105849 57.5976595692768 59.1787046312844 1.57492413766555 4.6315625002159 19.6902307046638 3.8855130727094 137.07484881614 57.0874730543436
C101 78.5252297785639 59.999999590249 0.940148692618978 4.78961961848276 20.7069392685666 3.43989676829445 146.64422307935 56.4991066621535 78.685166382042 59.1787046312844 1.07968318153375 4.70179010586458 20.6524187204888 3.31342480560229 147.135411333496 58.5010488097562
C102 81.4820251106816 59.999999590249 0.964950425048834 4.65122502302041 20.6167410103498 2.74634924112859 158.701587054021 75.1638637346909 81.3671133010275 59.1787046312844 1.12745375106725 4.62783263518298 20.5784040596627 2.72133168935796 158.145185876272 74.6284967758823
C103 88.5280802503219 59.999999590249 1.68812429523447 4.8983719650258 20.160177431178 5.05711970975307 142.50051040166 55.9507603262177 87.1307848437912 59.1787046312844 1.74283807230997 4.66661689237812 20.1787204628261 4.37021667765607 143.498535317195 57.9716791346611
C106 78.4806027613194 59.999999590251 1.02431471031931 4.64102555379299 21.0084819106294 1.55843631047132 124.982979249125 45.3065633105849 78.5164185263076 59.5501186895047 1.3041906174142 4.57860835412171 20.8444225458911 1.86416164853305 128.495034056139 48.6990973245139
C107 65.2092320553536 59.999999590249 1.19897822783725 4.95266940310428 17.018795382303 4.35103119270699 135.984442340549 57.1506885162687 66.7229476256936 59.1787046312844 1.32894117446741 4.7544559313281 17.3957820037313 4.08136276730009 138.250507340721 59.0849345438174
C109 73.1929084243356 59.999999590249 1.24854547855883 4.44619673649025 18.8668057630031 4.61478473256656 147.003979446611 61.2462721040982 74.0550115887663 59.1787046312844 1.36662293503149 4.4922554071845 19.0241004543262 4.24785809656128 147.589808201914 62.0520484832651
C111 91.2063815835956 59.999999590249 0.995301536026583 4.06565817331395 19.4372710786526 1.461389398012 127.628155018239 50.1990348522046 89.6554675994905 59.1787046312844 1.14627702365848 4.26783800303927 19.5422013250147 1.70018493190556 131.16261490702 53.3230224215402
C112 74.6677028262358 59.999999590249 1.15397950134223 4.40003029197351 17.8699866843106 3.15338155903381 159.398568784823 80.3329872306758 75.4862348705395 59.1787046312844 1.28747712061663 4.47429541442031 18.1359272036513 3.08745989763821 158.953654321324 78.8558794079723
C113 60.5252297785639 59.999999590249 0.940148692618979 4.70628628514943 19.9569392685666 2.93989676829445 139.14422307935 56.4991066621535 62.996097164269 59.1787046312844 1.07968318153375 4.65261414018556 19.986288664983 2.90720364638876 140.700550263495 58.5010488097562
C115 84.6340316775526 59.999999590249 1.16691782768467 4.13719901740984 19.782972167719 4.12358895032967 149.52883528477 68.0810515290427 83.7381926809677 59.1787046312844 1.28550646010581 4.31728828143959 19.8382593306289 3.8418688293021 149.130520006468 67.0493556209385
C123 70.9172648972495 59.999999590249 1.02889658953658 4.36062988678379 21.6040024979725 1.82982488944996 168.43054741083 83.7814432216119 71.883986408714 59.1787046312844 1.18309632610364 4.42731656911496 21.4665768984305 2.0080478614683 165.651264722669 80.5913588456139
C124 77.2092320553536 60.0000016780349 1.36564489450391 4.95266940310428 23.1021287156364 1.51769785937366 145.984442340549 74.6506885162687 77.182327104209 59.5501193951932 1.46384109548013 4.7544559313281 22.798836898389 1.77944286509011 146.830322100722 73.7645920710193
C125 70.0394795081024 59.999999590249 1.50338899106858 4.90956304719433 22.7890842203926 0.719982669516047 164.958123410966 83.4717838856403 71.4480823037351 59.1787046312844 1.58859065208487 4.75735366028178 22.5027799083368 1.04173306626038 163.41853498159 81.4494809710739
C126 91.3920592991497 59.8048792114169 1.01766394565331 4.64779677560038 24.0238500859467 0.868421715917215 145.825136749042 72.8681583481895 89.8758938648031 59.5993528471199 1.17140047219514 4.60606043906688 23.6129961228373 1.25387082175875 146.985759182075 72.2300625808322
C127 93.710907494118 59.3048781675218 0.962511102245705 4.78842488743587 22.126851609194 1.51359575286634 127.341204810152 51.6682301581384 91.9798169954989 59.2879489497433 1.10480663007042 4.695780782139 21.9106643950649 1.78385427088608 130.784250258545 54.3400557120166
C131 83.4806027613194 58.3048784992261 1.00509467352775 4.76723199478059 22.6219172917752 0.728786887279156 134.982979249125 60.3065633105849 82.8744933090223 58.6651409260329 1.17022437462741 4.68073846589493 22.3547509266868 1.04196495821473 137.07484881614 61.2816609192584
C135 71.6677028262358 59.999999590249 0.987312834675561 5.06669695864018 23.6199866843106 0.820048225700478 131.898568784823 57.8329872306758 72.8713900009107 59.1787046312844 1.15257719960392 4.86770313985254 23.242924295862 1.19176115464176 135.359163731321 59.9820340158556
C141 91.2361130922179 59.999999590249 1.30707707946231 4.75125799861927 22.4570040212199 1.47499892639908 172.446615471941 82.5815150315608 89.6769787571828 59.1787046312844 1.38630232600434 4.66456480922417 22.2067220408459 1.72558899216858 168.754339009143 79.4781034364576
C143 83.2092320553536 59.999999590249 1.03231156117058 4.28600273643761 21.518795382303 2.35103119270699 168.484442340549 82.1506885162688 82.4120168434666 59.1787046312844 1.1940412534547 4.36104820589588 21.3925623367658 2.45647813044599 166.134905310725 80.0558738683915
C145 91.9967915993314 59.999999590249 1.34637270096174 4.96738384341166 22.2870557552114 0.946276476052889 167.674091937213 87.3410128022303 90.1268120832525 59.1787046312844 1.43220304181467 4.80581656976956 22.0586929954536 1.29026494186123 165.228930862786 83.7075768417006
C146 92.9259988356567 59.999999590249 1.003666132652 4.56257186706366 22.2810983853828 0.811461920253367 172.082730214489 86.4502968236996 90.7797632895486 59.1787046312844 1.16155146644415 4.54607571229467 22.0586927379284 1.17593687764276 168.918743804527 83.2906221033755
C148 93.6677028262358 60.000001502432 0.987312834675561 3.98336362530685 22.4533200176439 2.15338155903381 151.898568784823 72.8329872306758 92.0469190448555 59.550119207262 1.15257719960392 4.22841558602517 22.2067219872975 2.27501757921116 152.518793251323 72.5645976106001
C150 94.1088260794528 60.000001502432 0.989018517134728 4.34103257289311 23.1194864223598 2.82885244346359 136.923424622982 72.1677666556204 92.1423356150844 59.550119207262 1.1389106851846 4.44685618571248 22.7988375117649 2.8168776834502 139.044829225875 71.2706229509013
C151 56.9967915993314 57.6097578569768 1.34637270096174 4.550717176745 20.1203890885447 1.94627647605289 142.674091937213 57.3410128022303 59.6202886042494 58.5137086533606 1.43220304181467 4.55993674137442 20.1343172795481 2.10270726028828 143.779393962783 58.5424496522116
C152 76.1929084243356 59.9999986146419 0.998545478558834 4.86286340315692 21.7834724296698 0.781451399233224 129.503979446611 61.2462721040982 76.6698564583952 59.5501193759431 1.16427305351242 4.73813523557965 21.6146062257375 1.13349587592426 132.575132371912 62.0520484832651
C153 82.2063815835956 59.999999590249 1.32863486935992 5.14899150664728 21.5206044119859 2.961389398012 157.628155018239 85.1990348522046 81.810932990604 59.1787046312844 1.41607686568391 4.90712555686664 21.3925625903084 2.91884840954613 156.902059187024 82.682337475944
C157 91.6340316775526 59.999999590249 1.000251161018 4.22053235074317 21.6163055010523 2.456922283663 174.52883528477 98.0810515290427 89.8394973767683 59.1787046312844 1.15060653909309 4.36646424711862 21.4665772440874 2.48779829859035 170.580056906472 92.2144828104275
C158 90.4848755824397 59.999999590249 1.00196045019283 4.70490291947741 23.2815986473336 1.96932436915692 139.55787437633 77.115517398755 88.9411168062338 59.1787046312844 1.17521798086347 4.62269090668153 22.946866225696 2.12355435718664 141.638587719969 76.1962210332446
C163 72.9172648972495 59.999999590249 1.02889658953658 4.19396322011712 22.9373358313059 1.16315822278329 153.43054741083 78.7814432216119 73.6272163217998 59.1787046312844 1.18309632610364 4.32896463775691 22.6508081082185 1.4664196491836 152.781542582667 76.3971709806991
C165 94.2859082856775 59.999999590249 2.81277764745174 4.25574546327515 16.7036576692248 4.41117431794826 139.371699544622 71.258604432823 92.209224056256 59.1787046312844 2.60948302848393 4.40045817529872 17.099724946956 4.09676423293551 141.465049497139 71.1188979448288
C166 92.6677028262358 59.999999590249 2.32064616800889 4.48336362530685 20.3699866843106 3.98671489236714 158.898568784823 62.8329872306758 91.1753040883126 59.1787046312844 2.23177656770562 4.52347138009934 20.3563607220038 3.76449516299408 158.524663583324 64.1762218807704
C168 76.4820251106816 59.999999590249 2.1316170917155 4.23455835635374 20.4500743436832 4.24634924112859 161.201587054021 75.1638637346909 77.0090385183128 59.1787046312844 2.07175319815625 4.38195280678784 20.4303751584392 3.93999516699853 160.290139566272 74.6284967758823
C171 89.2887587574355 59.999999590249 2.0164543392624 4.39275669306548 20.9518486395419 1.30081611264326 155.227986866932 78.2102580968871 87.580618169861 59.1787046312844 1.98274765321659 4.4444924124763 20.8744616746126 1.60328815776774 154.987803000841 76.8808100671059
C172 86.4715860012316 59.999999590249 1.6684733904118 4.58788406556159 21.5402366765188 1.31820663585348 155.068681275424 66.4277279288079 85.4567306692251 59.1787046312844 1.6903070299316 4.59115271428925 21.3925630966139 1.61934432672108 155.143240082193 66.9579048470892
C173 78.9172648972495 58.9999986146419 3.02889658953658 4.02729655345045 18.2706691646392 4.66315822278329 160.93054741083 78.7814432216119 78.8569060610575 59.0978892557593 2.8018953782562 4.23061270639885 18.5059988739605 4.30996776367828 159.216403652668 76.3971709806991
C174 65.1088260794528 59.999999590249 1.32235185046806 4.75769923955977 23.3694864223598 1.49551911013026 144.423424622982 61.7338047198081 66.865501875339 59.1787046312844 1.40871052721002 4.69273601410762 23.0208808636002 1.7336212588808 145.479690295876 63.7093382608147
C175 74.0394795081024 59.999999590249 2.00338899106858 4.326229713861 20.5390842203926 2.05331600284938 137.458123410966 50.9717838856403 74.9345421299069 59.1787046312844 1.99329041512301 4.41312190052859 20.5043897418196 2.12498949082978 139.824044391586 54.1872598491275
C176 74.7109074941181 59.999999590249 2.62917776891237 4.78842488743587 16.7935182758607 3.180262419533 149.841204810152 76.6682301581384 75.4191328211829 59.1787046312844 2.45380584019755 4.695780782139 17.1737395559129 3.13792480159783 150.088833468548 75.3109950365907
C183 79.6340316775526 59.999999590249 2.16691782768467 3.97053235074317 18.282972167719 2.79025561699633 174.52883528477 85.5810515290428 79.3801178982529 59.1787046312844 2.09490598618209 4.21893635008153 18.5059992196174 2.7586124047327 170.580056906472 81.7290131481404
C184 86.4806027613194 59.999999590249 1.83842800686108 4.35056532811392 18.7885839584419 3.72878688727916 157.482979249125 72.8065633105849 85.4893381786512 59.1787046312844 1.84472397969098 4.43485863749978 18.9500861985463 3.47929191349588 156.379432026143 71.7671305815455
C186 57.4806027613194 59.999999590249 2.67176134019442 4.18389866144726 18.5385839584418 3.72878688727916 154.982979249125 72.8065633105849 60.2125044389057 59.1787046312844 2.51922358475454 4.33650670614173 18.728042846711 3.47929191349588 154.234478336142 71.7671305815455
C189 57.6677028262358 59.999999590249 1.98731283467556 4.56669695864018 15.7866533509772 4.32004822570048 129.398568784823 57.8329872306758 60.6687806093094 59.1787046312844 1.9619767256802 4.57264734577837 16.2855659383575 4.03530926913643 133.21421004132 59.9820340158556
C190 73.2859082856775 59.999999590249 1.97944431411841 3.92241212994182 17.7869910025581 1.24450765128159 139.371699544622 58.758604432823 73.9053099688541 59.1787046312844 1.93498342342037 4.20375431258261 18.0619128049088 1.52403022458318 141.465049497139 60.6334282825417
C191 60.2063815835956 59.999999590249 1.32863486935992 4.81565817331394 21.1872710786526 1.12805606467866 145.128155018239 65.1990348522046 62.6354039466591 59.1787046312844 1.41607686568391 4.71042169415052 21.0965047878614 1.42937082576321 146.177290737023 65.9055860162847
C192 60.9231483638987 59.999999590249 2.466656107508 4.50889397060667 17.1995740817324 4.42182012555838 143.726442892179 59.4986431596355 63.1586157838546 59.1787046312844 2.32788652576235 4.55121744079612 17.5438115041543 4.07563411202405 144.671221850824 60.751958521439
C193 65.1088260794528 59.999999590249 1.6556851838014 4.17436590622644 17.2028197556931 4.16218577679693 154.423424622982 59.6677666556204 66.865501875339 59.1787046312844 1.67851036923545 4.34850425435443 17.5438115183307 3.9001341080196 154.059505055878 60.7851532886142
C195 90.2361130922179 59.999999590249 2.14041041279564 4.75125799861927 17.0403373545532 4.14166559306575 137.446615471941 70.0815150315608 88.8053638006398 59.1787046312844 2.06080193106791 4.66456480922416 17.3957827510821 3.89210184130738 138.724987349138 68.9926337741706
C196 66.1088260794528 59.999999590249 2.1556851838014 4.67436590622644 19.2861530890264 4.66218577679693 139.423424622982 62.1677666556204 67.7371168318819 59.1787046312844 2.08321013227359 4.6435600484286 19.3941727836244 4.30635526723313 141.189782915876 62.8822472210716
C198 82.0826841759847 59.999999590249 0.978587258638725 4.13129097599002 19.3792824786094 3.4135301966819 145.400759436296 69.807026813103 81.8403597328938 59.1787046312844 1.13612031951323 4.29037550849408 19.4681876434695 3.25871081935881 145.973899368812 69.5162208698627
C201 89.5252297785639 59.999999590249 2.44014869261898 4.1229529518161 17.7069392685666 1.60656343496112 134.14422307935 61.4991066621535 88.2729309040145 59.1787046312844 2.29378247064817 4.30838238043236 17.9878984984658 1.82394722181936 136.410642883494 62.695236674671
C202 53.1088260794528 59.999999590249 1.32235185046806 4.25769923955977 19.4528197556931 4.16218577679693 134.423424622982 54.6677666556204 56.4061223968236 59.1787046312844 1.40871052721002 4.39768022003345 19.5422016848479 3.9001341080196 136.899875535875 56.5909654236994
C203 92.7638359810163 60.3048782553264 2.03374010204633 3.9073295308212 18.1096142886954 4.10168949306612 138.884691375185 68.506955003154 91.0674310372564 59.9107563885706 2.01211368771424 4.15147919974293 18.3579702479954 3.81198379480088 140.725871392339 68.5323823465615
C204 71.7638359810163 59.6097569204018 1.02431471031931 4.97435888712632 22.675148577296 4.89176964380465 143.884691375185 68.506955003154 72.7635169498545 59.4181680643448 1.3041906174142 4.71812568121128 22.1758253221953 4.14459072027001 145.015778772339 68.5323823465615
C206 56.7638359810163 59.999999590249 1.86707343537966 4.9073295308212 16.5262809553621 3.93502282639945 131.384691375185 63.506955003154 59.6892926017103 59.1787046312844 1.87721376670153 4.74159078789127 16.9516956863721 3.67657674172971 134.291010322338 64.3381944816467
C207 83.5252297785639 59.8048767236258 1.94743757827981 3.29101617211181 17.3304621572104 1.27783612036308 114.14422307935 51.4991066621535 83.0432411647568 59.5993527084583 1.88921075252457 4.0460827296279 17.9153361991921 1.7282641370609 119.251013363492 54.3068609448414
C208 28.4820251106817 59.999999590249 1.79828375838217 4.48455835635374 17.5334076770165 4.57968257446193 143.701587054021 67.6638637346909 35.1715206042513 59.1787046312844 1.80195335613082 4.52948070382492 17.8398693870279 4.21080927314089 145.27546373627 68.33721497851
C209 24.4715860012317 59.3048796797044 1.1684733904118 3.42121739889493 17.2902366765188 2.48487330252015 105.068681275424 48.9277279288079 31.4166033635624 59.2879495202539 1.28560726689346 3.90268919478286 17.6178261154146 2.5671936982193 112.244166282187 52.2782473198873
C214 72.6677028262358 59.999999590249 1.32064616800889 4.81669695864018 19.1199866843106 3.48671489236715 146.898568784823 67.8329872306758 73.7430049574536 59.1787046312844 1.42237704162934 4.72017524281545 19.2461439628275 3.35827400378056 148.228885871323 68.3704097456853
C215 89.2887587574355 59.999999590249 1.5164543392624 4.97609002639882 20.9518486395419 1.96748277930992 185.227986866932 75.7102580968872 87.580618169861 59.1787046312844 1.57804789017845 4.7887241722295 20.8744616746126 2.14491637005244 180.727247280845 74.7837161346485
C217 72.2063815835956 59.999999590249 1.16196820269325 4.48232483998061 19.1872710786526 3.29472273134533 182.628155018239 92.6990348522046 73.0947834251745 59.1787046312844 1.28117694467119 4.51371783143441 19.3201579731794 3.18966251568848 178.351596087027 88.9736192733163
C218 98.4332059164826 59.999999590249 1.14041041279564 5.08459133195261 23.1236706878866 1.14166559306575 199.946615471941 103.560374466653 94.0989058373454 59.1787046312844 1.25140240499163 4.86126867194028 22.7988376457399 1.45477488602623 192.348829599146 92.5591728832464
C219 89.0394795081024 59.999999590249 1.00338899106858 4.826229713861 21.2890842203926 2.55331600284938 164.958123410966 65.9717838856403 88.0087664780511 59.1787046312844 1.18389088904673 4.70817769460276 21.1705197973253 2.53121065004331 163.41853498159 66.769823443872
C220 89.2063815835956 59.999999590249 1.82863486935992 4.89899150664728 20.4372710786526 0.961389398011997 160.128155018239 82.6990348522046 87.9122376864046 59.1787046312844 1.82077662872205 4.75959765982955 20.4303747323557 1.29396377269203 159.047012877024 80.5852435434866
C222 92.8433626830982 60.3048787236139 1.51788288013815 4.51408348744908 18.7093342126009 4.05147441300238 143.128235901567 57.0665245837725 91.006342624393 59.9107569596809 1.5867207983617 4.52997920039753 18.8760718944067 3.77123614054968 144.593444912456 59.0660367479037
C223 82.4806027613194 59.6097574082012 1.17176134019441 5.01723199478059 23.5385839584418 1.39545355394582 159.982979249125 70.3065633105849 82.0028783524794 59.4181682522163 1.30512429564012 4.82826636293201 23.168909883416 1.58359317049943 158.524385716143 69.670036649088
C224 85.7109074941181 60.000001502432 1.29584443557904 4.6217582207692 19.376851609194 2.34692908619967 147.341204810152 61.6682301581385 85.0068973431553 59.550119207262 1.37460647209585 4.59742885078094 19.4681875248771 2.46088953624196 147.943879778548 62.7284314418462
C225 84.2092320553536 59.999999590249 1.03231156117058 4.95266940310428 17.6021287156364 4.18436452604033 135.984442340549 59.6506885162687 83.2836318000096 59.1787046312844 1.1940412534547 4.7544559313281 17.9138831580135 3.94595571422891 138.250507340721 61.1820284762748
C230 92.4806027613194 59.999999590251 1.00509467352775 4.76723199478059 19.7885839584419 1.72878688727916 157.482979249125 65.3065633105849 90.7190279179088 59.5501186895047 1.17022437462741 4.68073846589493 19.8382596058873 1.85440727664178 156.379432026143 65.4758487841732
C234 88.7638359810163 59.999999590249 2.700406768713 4.9073295308212 18.4429476220287 0.93502282639945 146.384691375185 68.506955003154 87.5809712110846 59.1787046312844 2.55171337176509 4.74159078789127 18.6540280504424 1.23924978644855 147.160732462339 68.5323823465615
C237 62.9172648972495 59.999999590249 2.01462768529981 5.04762626571815 21.9972583291837 2.01470710323901 153.43054741083 78.7814432216119 64.9110667563704 59.1787046312844 1.95106072361323 4.76062201031799 21.6432637165274 2.24674493902915 152.781542582667 76.3971709806991
C238 95.2092320553536 59.999999590249 2.86564489450392 5.36933606977094 23.4354620489697 0.851031192706993 170.984442340549 92.1506885162687 92.871396321982 59.1787046312844 2.67794038459455 5.00033575972324 23.094894700836 1.23781465280541 168.279859000725 88.4442495982212
C240 74.2092320553536 59.999999590249 2.02145762856781 4.8983719650258 20.660177431178 1.05711970975307 145.984442340549 59.6506885162687 74.5674822345801 59.1787046312844 1.9694462821457 4.66661689237812 20.5781412957174 1.63370179157171 146.830322100722 61.1820284762748
C241 82.4715860012316 59.6097578569768 1.83514005707847 4.25455073222826 23.8735700098522 0.984873302520145 125.068681275424 46.4277279288079 81.9702708430533 59.4181688937284 1.82520695094432 4.39444885157314 23.4649677137429 1.34853022057873 129.403795802189 50.1811533874298
C242 90.2063815835956 59.304877767521 2.28077091161314 4.2910161721118 21.6637954905438 1.27783612036308 115.128155018239 50.1990348522046 88.7838526429476 59.2879488098823 2.1158189623603 4.46463471089663 21.376983417583 1.7282641370609 120.437846457019 53.3230224215402
C243 94.6340316775526 57.8048780114215 1.83358449435133 4.47053235074317 23.9496388343857 1.12358895032967 142.02883528477 70.5810515290428 92.4543422463971 58.3537375007354 1.82510614415666 4.5139921441557 23.5389818612164 1.40454187402095 142.695658936467 69.146449553396
C244 98.4715860012316 57.8048796797044 1.33514005707847 4.50455073222826 21.2902366765188 1.65153996918681 100.068681275424 51.4277279288079 95.9161101477404 58.353737826325 1.42050718790618 4.54197674861023 21.1705197447786 1.89015843286343 107.954258902186 54.3753412523447
C246 86.2887587574355 57.8048797675058 1.84978767259574 5.10109002639882 21.7018486395419 1.30081611264326 125.227986866932 50.7102580968872 84.9657733002322 58.3537379557337 1.84784773220387 4.86248812074804 21.5405917301184 1.60328815776774 129.248358720837 53.8127768100744
C247 72.9172648972495 59.999999590249 2.69556325620325 5.44396322011712 20.2706691646392 2.66315822278329 150.93054741083 66.2814432216119 73.6272163217998 59.1787046312844 2.53209553623078 5.06660412294233 20.2823456886425 2.68508312682418 150.636588892667 65.911701318412
C251 81.2887587574355 59.999999590249 2.68312100592907 4.80942335973215 18.8685153062086 0.800816112643257 147.727986866932 70.7102580968872 80.6076985175174 59.1787046312844 2.52234733726744 4.69037224087144 19.0241004093189 1.19706699855421 148.55294193084 70.5895282697337
C252 82.2092320553536 59.999999590249 1.86564489450391 4.53600273643761 22.1854620489697 1.01769785937366 135.984442340549 59.6506885162687 81.5404018869237 59.1787046312844 1.86854085851827 4.50857610293296 21.9846779416598 1.37322170587659 138.250507340721 61.1820284762748
C254 83.2361130922179 59.999999590249 2.97374374612898 4.8345913319526 21.2070040212199 1.97499892639908 129.946615471941 65.0815150315608 82.7040591048392 59.1787046312844 2.73530153613148 4.71374077490319 21.0965052816696 2.13181015138211 132.290126279137 64.7984459092557
C256 84.8433626830982 59.999999590249 3.01788288013815 5.09741682078241 20.7926675459342 1.55147441300238 153.128235901567 59.5665245837724 84.0334229720495 59.1787046312844 2.80082008747613 4.87421096015073 20.7264331597004 1.74013034448205 153.173259672458 61.1631306803611
C258 56.1088260794528 59.999999590249 2.6556851838014 4.75769923955977 16.8694864223598 4.66218577679693 159.423424622982 79.6677666556204 59.0209672664524 59.1787046312844 2.48790989531173 4.69273601410762 17.2477537158837 4.30635526723313 158.349412435878 77.5619047482735
C259 78.2859082856775 59.999999590249 1.81277764745174 4.58907879660849 20.3703243358914 2.74450765128159 154.371699544622 63.758604432823 78.2633847515689 59.1787046312844 1.80008350240765 4.59716203801484 20.356360773873 2.74269370222376 154.334771637141 64.8276161474565
C263 76.2859082856775 59.999999590249 2.31277764745174 4.42241212994182 21.4536576692248 0.744507651281594 166.871699544622 78.758604432823 76.520154838483 59.1787046312844 2.20478326544579 4.49881010665678 21.3185486318258 1.11780906536965 165.059540087143 77.410179742201
C264 85.2092320553536 59.999999590249 2.36564489450392 4.86933606977094 20.768795382303 1.01769785937366 170.984442340549 89.6506885162687 84.1552467565525 59.1787046312844 2.27324062155641 4.70527996564907 20.72643228126 1.37322170587659 168.279859000725 86.3471556657638
C265 94.2887587574355 59.999999590249 1.18312100592907 4.72609002639882 21.4518486395419 3.30081611264326 170.227986866932 70.7102580968872 91.9386929525757 59.1787046312844 1.30824804815302 4.64119627519242 21.3185483782831 3.22817279462184 167.857525140843 70.5895282697337
C266 84.0826841759847 59.999999590249 2.64525392530539 4.54795764265669 18.1292824786094 4.74686353001524 162.900759436296 79.807026813103 83.5835896459797 59.1787046312844 2.48511952964037 4.53625533688922 18.3579708842932 4.34196724392821 160.988575198815 77.9045965996923
C267 75.9967915993314 59.999999590249 1.01303936762841 4.88405051007833 25.4537224218781 2.44627647605289 165.174091937213 77.3410128022303 76.1809727785654 59.1787046312844 1.16240319978925 4.75664060409053 24.8712421187001 2.5089284195018 163.083977172786 75.3192011118709
C268 84.4332059164826 60.6097548326116 1.14382538442964 4.1766308482731 20.6217969055504 2.49620522965612 160.00051040166 65.9507603262177 83.2846811519349 59.8703981853995 1.26234733234269 4.30324065193091 20.5784040163344 2.58024042035979 158.513211147197 66.3600548644907
C269 78.2092320553536 59.999999590249 2.36564489450392 4.61933606977094 16.3521287156364 4.18436452604033 140.984442340549 64.6506885162687 78.0539420607519 59.1787046312844 2.27324062155641 4.55775206861199 16.8036663988373 3.94595571422891 142.540414720722 65.3762163411896
C272 58.4820251106817 59.999999590249 1.79828375838217 4.15122502302041 19.2834076770165 4.41301590779526 183.701587054021 85.1638637346909 61.3199693005398 59.1787046312844 1.80195335613082 4.33277684110881 19.3941728498747 4.07540222006971 179.594722776275 83.0168725057119
C275 87.0394795081024 59.999999590249 1.00338899106858 4.99289638052767 19.7890842203926 3.88664933618271 162.458123410966 73.4717838856403 86.2655365649652 59.1787046312844 1.18389088904673 4.80652962596081 19.8382596863138 3.61446707461271 161.273581291589 73.0611052412443
C282 83.8433626830982 59.999999590249 2.01788288013815 4.93075015411575 19.6260008792676 1.71814107966905 150.628235901567 69.5665245837724 83.1618080155065 59.1787046312844 1.99142056139985 4.77585902879267 19.690230851136 1.87553739755323 151.028305982457 69.5515064101907
C288 87.6340316775526 59.999999590249 1.500251161018 4.97053235074317 20.6163055010523 2.79025561699633 152.02883528477 68.0810515290428 86.3530375505965 59.1787046312844 1.55530630213123 4.80904793822987 20.5784038367464 2.7586124047327 151.275473696469 67.0493556209385
C289 46.9967915993315 56.6097578569768 2.34637270096174 4.46738384341166 18.1203890885447 4.11294314271956 127.674091937213 59.8410128022303 50.9041390388199 58.0614785331768 2.24160256789095 4.51076077569539 18.3579704648661 3.86299895021356 130.909671822781 60.639543584669
C291 89.6340316775526 59.8048780114215 1.000251161018 4.38719901740984 20.6163055010523 2.79025561699633 147.02883528477 68.0810515290428 88.0962674636824 59.5993530926407 1.15060653909309 4.46481617847667 20.5784038367464 2.7586124047327 146.985566316468 67.0493556209385
C293 88.9967915993314 57.3048782358094 1.01303936762841 4.71738384341166 19.3703890885447 3.61294314271956 125.174091937213 57.3410128022303 87.5119672136237 58.0423340445019 1.16240319978925 4.65828867273247 19.4681872240423 3.45677779100003 128.764718132781 58.5424496522116
C297 83.8433626830982 58.6097578569768 1.68454954680482 4.84741682078241 18.9593342126009 3.21814107966905 163.128235901567 69.5665245837725 83.1618080155065 58.9659387735445 1.72162071937442 4.72668306311364 19.0981152462419 3.09420087519381 161.753074432459 69.5515064101907
C306 62.2887587574355 59.999999590249 2.18312100592907 4.05942335973215 20.7018486395419 2.80081611264326 172.727986866932 83.2102580968871 64.0470143432014 59.1787046312844 2.1176475742293 4.24778854976019 20.6524183227774 2.82195163540831 170.002478830843 81.0749979320207
C308 61.8433626830982 60.3048787236139 1.35121621347149 4.93075015411575 21.2926675459342 4.55147441300238 158.128235901567 74.5665245837725 63.9862789715617 59.9107569596809 1.45182087734899 4.77585902879267 21.1705198633709 4.17745729976321 157.463167052458 73.7456942751056
C309 74.9967915993314 59.999999590249 2.67970603429507 4.800717176745 21.1203890885447 1.11294314271956 192.674091937213 99.8410128022303 75.3093578220224 59.1787046312844 2.51140240991638 4.7074646384115 21.0224906868891 1.4256719949324 186.678467762789 94.1930465039876
C310 77.4848755824397 59.999999590249 2.33529378352616 4.45490291947741 22.1982653140003 3.80265770249026 152.05787437633 67.115517398755 77.6101223711755 59.1787046312844 2.25441734896518 4.47516300964445 21.9846783677433 3.61303194096956 152.363356169971 67.8078453034149
C311 88.2887587574355 59.8048797675058 2.5164543392624 4.22609002639882 21.2018486395419 4.46748277930993 157.727986866932 70.7102580968872 86.7090032133181 59.5993535476389 2.38744741625473 4.34614048111825 21.0965050264479 4.17602216612006 157.132756690841 70.5895282697337
C312 67.7109074941181 59.8048781675218 1.96251110224571 4.78842488743587 24.876851609194 0.846929086199672 179.841204810152 86.6682301581385 69.3178281253822 59.5993528477196 1.9142061561467 4.695780782139 24.3531412652526 1.24222605860138 175.828277748552 83.6993707664204
C313 94.4820251106817 59.9999986146401 1.6316170917155 4.23455835635374 21.2834076770165 3.07968257446193 151.201587054021 57.6638637346909 92.6981077360858 59.5501190050225 1.66705343511811 4.38195280678784 21.1705196645567 2.99214579550031 151.710324806271 59.9488392486804
C315 88.6340316775526 57.3048780114215 1.66691782768467 4.80386568407651 20.6163055010523 2.29025561699633 142.02883528477 63.0810515290427 87.2246525071395 58.0423336027591 1.69020622314395 4.71069600687182 20.5784038367464 2.35239124551918 142.695658936467 62.8551677560237
C317 71.5252297785639 59.999999590249 2.44014869261898 4.70628628514943 21.0402726019 3.77323010162779 194.14422307935 86.4991066621535 72.5838616862414 59.1787046312844 2.29378247064817 4.65261414018556 20.9484765229358 3.58423891174464 187.889531443502 83.6661759992452
C319 84.4715860012316 59.999999590249 2.1684733904118 4.25455073222826 21.2069033431855 3.31820663585348 180.068681275424 81.4277279288079 83.7135007561392 59.1787046312844 2.09500679296974 4.39444885157314 21.0965052941669 3.24422896357518 176.592776982196 79.5404684418336
C320 92.7109074941181 59.999999590249 2.9625111022457 5.20509155410253 18.876851609194 1.51359575286634 174.841204810152 96.6682301581385 91.1082020389559 59.1787046312844 2.72360568222298 4.94166061053414 19.0241008212066 1.78385427088608 171.538370368551 92.08774649625
C321 84.6340316775526 59.999999590249 1.66691782768467 4.55386568407651 21.782972167719 3.956922283663 177.02883528477 93.0810515290427 83.7381926809677 59.1787046312844 1.69020622314395 4.56316810983473 21.6146061453109 3.70646177623093 172.725010596472 88.0202949455127
C328 39.2063815835955 59.999999590249 2.99530153602658 4.81565817331394 19.7706044119859 4.79472273134533 152.628155018239 72.6990348522046 44.3314898592573 59.1787046312844 2.76507607581104 4.71042169415052 19.8382591274617 4.40832599332906 152.612151807023 72.196867813657
C329 94.8433626830982 60.6097578569768 2.01788288013815 4.51408348744908 17.2926675459342 4.55147441300238 138.128235901567 64.5665245837725 92.7495725374789 59.8703990139122 1.99142056139985 4.52997920039753 17.6178262340069 4.17745729976321 140.303537532456 65.3573185452759
C330 91.2859082856775 59.999999590249 1.64611098078507 4.58907879660849 18.4536576692248 2.91117431794826 131.871699544622 58.758604432823 89.5943791866272 59.1787046312844 1.66518358139494 4.59716203801484 18.6540284098028 2.87810075529493 135.030188427138 60.6334282825417
C333 85.2361130922179 59.999999590249 1.47374374612898 4.66792466528594 21.2070040212199 2.80833225973242 167.446615471941 87.5815150315608 84.4472890179251 59.1787046312844 1.52120224701706 4.61538884354514 21.0965052816696 2.80884541673798 164.464431629142 83.6722913013725
C334 72.2361130922179 58.3048767236268 1.64041041279564 4.3345913319526 20.7070040212199 2.97499892639908 132.446615471941 52.5815150315608 73.1162945828668 58.6651412699439 1.65610216802977 4.41868498082902 20.6524185779991 2.94425246980916 134.435079969137 54.3129762469687
C335 86.4715860012316 59.999999590249 2.33514005707847 4.58788406556159 19.0402366765188 2.31820663585348 157.068681275424 73.9277279288079 85.4567306692251 59.1787046312844 2.22990671398246 4.59115271428925 19.1721295782614 2.43178664514813 156.859203034193 73.2491866444614
C338 77.5280802503219 56.3048782553232 1.31049205109631 4.00996418160643 21.4551302388838 2.32953856298945 135.00051040166 58.4507603262177 77.5430203218188 57.4195256912941 1.3972472533554 4.20488872057285 21.3185485224519 2.44483336728862 137.063674247194 60.0687730671185
C339 91.4848755824397 58.3048773870313 1.1686271168595 4.28823625281074 19.0315986473336 3.13599103582359 127.05787437633 47.115517398755 89.8127317627767 58.6651413636671 1.31011790187619 4.37681107828639 19.1721292444968 3.07140372868486 130.913819269968 51.0310938437556
C341 92.4820251106817 57.3048758553339 1.48246327181786 3.51143387392901 14.7363531968226 2.04819569522744 121.201587054021 40.1638637346909 90.9548778229999 58.0423332990445 1.60983086146678 4.1183860523807 15.847986404979 2.24147260762546 125.970880526267 45.2691817214785
C342 75.9259988356567 59.304879543118 1.83699946598533 4.06257186706366 18.4477650520495 4.6447952535867 149.582730214489 56.4502968236996 75.9623090283185 59.2879492079199 1.83605107150772 4.2510199182205 18.6540280097879 4.29029909827979 149.614160594524 58.1254949138865
C343 41.2361130922179 58.3048767236268 1.01462768529981 4.04762626571815 18.9972583291837 4.01470710323901 102.446615471941 42.5815150315608 46.0962309300354 58.6651412699439 1.27123609410604 4.34207002904926 19.2467387191799 3.61500238207133 108.695635689134 45.924600517139
C345 94.8433626830982 59.3048787236139 1.35121621347149 3.93075015411575 17.9593342126009 3.71814107966905 138.128235901567 47.0665245837724 92.7495725374789 59.2879491637283 1.45182087734899 4.18574744064433 18.209941838901 3.50042203440733 140.303537532456 50.677661018074
C347 91.4820251106817 59.9999986146401 0.964950425048834 4.15122502302041 21.6167410103498 4.07968257446193 131.201587054021 55.1638637346909 90.083262866457 59.5501190050225 1.12745375106725 4.33277684110881 21.4665774670037 3.80458811392736 134.550695286269 57.851745316223
C349 73.4715860012316 59.999999590249 2.00180672374513 4.08788406556159 18.4569033431855 3.31820663585348 140.068681275424 66.4277279288079 74.1257362341668 59.1787046312844 1.96010687195703 4.29609692021508 18.6540284239791 3.24422896357518 142.273517942191 66.9579048470892
C350 86.4848755824397 59.999999590249 1.33529378352616 4.37156958614407 20.7815986473336 2.96932436915692 129.55787437633 47.115517398755 85.454656980062 59.1787046312844 1.4450178228889 4.42598704396542 20.7264327073435 2.93599667561369 133.058772959968 51.0310938437556
C352 97.3920592991497 59.999999590249 2.51766394565331 5.39779677560038 19.5238500859467 4.70175504925055 163.325136749042 67.8681583481895 95.1055836040608 59.1787046312844 2.38549976130956 5.04864413017814 19.6162157898028 4.36823304239578 162.000435012077 68.0358747159173
C353 94.2092320553536 59.999999590249 3.36564489450391 4.78600273643761 20.768795382303 3.85103119270699 170.984442340549 67.1506885162687 91.999781365439 59.1787046312844 3.08264014763269 4.65610399997005 20.72643228126 3.67514160808656 168.279859000725 67.473310273647
C355 72.1088260794528 59.999999590249 2.6556851838014 4.67436590622644 19.7861530890264 3.66218577679692 174.423424622982 79.6677666556204 72.9668065711396 59.1787046312844 2.48790989531173 4.6435600484286 19.8382594872949 3.49391294880608 171.21913457588 77.5619047482735
C359 85.6340316775526 59.999999590249 2.16691782768467 4.47053235074317 21.6163055010523 1.62358895032967 149.52883528477 60.5810515290428 84.6098076375106 59.1787046312844 2.09490598618209 4.5139921441557 21.4665772440874 1.81076303323448 149.130520006468 60.7580738235663
C360 90.5280802503219 59.3048782553232 2.64382538442964 4.50996418160643 20.7884635722171 4.32953856298945 167.50051040166 70.9507603262177 88.8740147568771 59.287949079152 2.47644662145711 4.49994451464702 20.7264329175579 4.06971800414272 164.948072217198 70.5542427294056
C361 95.2859082856775 59.3048782358085 2.81277764745174 4.92241212994182 23.4536576692248 1.24450765128159 156.871699544622 63.758604432823 93.080839012799 59.2879493809926 2.60948302848393 4.79386590073095 23.0948954465078 1.52403022458318 156.479725327141 64.8276161474565
C364 91.4820251106817 58.8048758553339 1.96495042504883 4.98455835635374 19.2834076770165 0.91301590779526 138.701587054021 50.1638637346909 90.083262866457 58.9765449929734 1.93685327714353 4.82453649789909 19.3941728498747 1.23185410557503 140.98555635627 53.6575574513081
C366 94.2092320553536 59.3048792992183 2.53231156117058 4.95266940310428 19.4354620489697 4.85103119270699 168.484442340549 69.6506885162687 91.999781365439 59.2879490785523 2.40814054256912 4.7544559313281 19.542201071472 4.48758392651361 166.134905310725 69.5704042061044
C367 70.4715860012316 56.8048796797044 0.973743746128889 5.16792466528634 19.2903373545523 1.30833225973239 115.068681275424 43.9277279288079 71.5108913645379 57.7309300303724 1.82831080715707 4.55075517728172 20.2265904211345 2.75093951772559 120.823981042188 48.0840594549724
C369 90.3920592991497 59.999999590249 2.35099727898664 4.56446344226705 19.7738500859467 2.20175504925055 165.825136749042 65.3681583481895 89.0042789082602 59.1787046312844 2.25059984029685 4.55688447338786 19.838259141638 2.33712724632815 164.145388702077 65.9387807834599
C370 97.2887587574355 59.999999590249 2.84978767259574 4.97609002639882 20.2851819728752 2.30081611264326 172.727986866932 75.7102580968872 94.5535378222046 59.1787046312844 2.65724725828015 4.7887241722295 20.2823460697186 2.41573047619479 170.002478830843 74.7837161346485
C373 86.2887587574355 59.999999590249 2.18312100592907 4.22609002639882 18.2851819728752 2.46748277930992 160.227986866932 68.2102580968872 84.9657733002322 59.1787046312844 2.1176475742293 4.34614048111825 18.5059992550366 2.55113752926596 159.277710380841 68.4924343372763
C376 93.0394795081024 59.999999590249 1.83672232440191 4.74289638052767 23.4557508870593 3.71998266951605 149.958123410966 70.9717838856403 91.4952263042229 59.1787046312844 1.8583904941103 4.65900172892373 23.0948955132309 3.47906002154153 150.548812841588 70.9640113087869
C378 88.4848755824397 59.999999590249 3.00196045019283 5.03823625281074 18.5315986473336 3.96932436915692 149.55787437633 59.615517398755 87.1978868931479 59.1787046312844 2.79401703301603 4.81939476939764 18.7280425408263 3.74843899404074 150.218402479971 61.5165635060427
C382 77.4715860012316 59.999999590249 1.6684733904118 4.42121739889493 21.7902366765188 3.98487330252015 182.568681275424 93.9277279288079 77.6121960603385 59.1787046312844 1.6903070299316 4.4928007829312 21.6146064484491 3.78585717585988 178.737730672197 90.0259381041207
C383 89.2361130922179 59.999999590249 2.97374374612898 4.8345913319526 21.7903373545532 3.14166559306575 189.946615471941 90.0815150315608 87.9337488440969 59.1787046312844 2.73530153613148 4.71374077490319 21.6146064359519 3.07965952288033 183.769014839145 85.7693852338299
C384 79.2361130922179 59.999999590249 2.64041041279564 4.3345913319526 20.2903373545532 0.974998926399081 167.446615471941 75.0815150315608 79.2175992786674 59.1787046312844 2.46550169410605 4.41868498082902 20.2823463249404 1.31936783295506 164.464431629142 73.1868216390854
C386 70.1088260794528 59.999999590249 2.48901851713473 4.59103257289311 21.9528197556931 2.82885244346359 151.923424622982 67.1677666556204 71.2235766580537 59.1787046312844 2.35300997429902 4.59438408274957 21.7626352032004 2.8168776834502 151.914551365877 67.0764350859865
C390 89.1929084243356 59.999999590249 2.83187881189217 4.27953006982358 18.1168057630031 4.61478473256656 154.503979446611 66.2462721040982 88.0008508934535 59.1787046312844 2.64817218465226 4.39390347582645 18.3579703988205 4.24785809656128 154.024669271915 66.2462363481799
C397 87.6340316775526 59.999999590249 2.33358449435133 3.88719901740984 20.9496388343857 4.62358895032967 149.52883528477 70.5810515290428 86.3530375505965 59.1787046312844 2.2298059071948 4.1697603844025 20.8744616391934 4.24808998851563 149.130520006468 69.146449553396
C399 88.1088260794528 59.999999590249 2.82235185046806 4.34103257289311 20.1194864223598 1.32885244346359 171.923424622982 74.6677666556204 86.9126458758267 59.1787046312844 2.62280981632444 4.44685618571248 20.1343172897419 1.59821420580963 169.07418088588 73.3677168833587
C402 81.3920592991497 59.999999590249 1.65882906419993 3.95529337668468 20.6702868384652 2.42523408950685 155.825136749042 70.3681583481895 81.1597442993736 59.1787046312844 1.70480553031889 4.31659284573004 20.5781417773015 2.57291407555842 155.565573942076 70.1329686483748
C405 82.5280802503219 59.999999590249 2.47715871776298 5.25996418160643 20.6217969055504 1.66287189632278 190.00051040166 88.4507603262177 81.9010951045336 59.1787046312844 2.3415467004444 4.94252820575828 20.5784040163344 1.90320515500392 184.252655427201 85.2339002566075
C411 83.5252297785639 59.999999590249 2.10681535928564 4.45628628514943 22.0402726019 2.27323010162779 161.64422307935 73.9991066621535 83.0432411647568 59.1787046312844 2.02398262862275 4.50508624314847 21.8366499302768 2.36557543410406 160.005133473498 73.1807063369581
C412 91.6340316775526 59.999999590249 2.66691782768467 4.97053235074317 18.6163055010523 2.29025561699633 162.02883528477 85.5810515290428 89.8394973767683 59.1787046312844 2.49960574922023 4.80904793822987 18.8020570220644 2.35239124551918 159.85528845647 81.7290131481404
C414 59.7109074941181 59.999999590249 1.29584443557904 4.6217582207692 20.0435182758607 0.846929086199672 149.841204810152 71.6682301581385 62.3449084730387 59.1787046312844 1.37460647209585 4.59742885078094 20.0603031297711 1.24222605860138 150.088833468548 71.1168071716759
C415 69.9172648972495 59.999999590249 2.52889658953658 4.94396322011712 17.6040024979725 4.32982488944996 170.93054741083 76.2814432216119 71.012371452171 59.1787046312844 2.39719561521806 4.77154832886816 17.9138832690665 4.03915365753593 167.796218412669 74.3000770482417
C416 70.4715860012316 59.000001502432 1.6684733904118 4.25455073222826 19.2902366765188 0.818206635853479 127.568681275424 58.9277279288079 71.5108913645379 59.0978890870781 1.6903070299316 4.39444885157314 19.3941729300966 1.21312316750755 131.54874949219 60.6666230497169
C417 68.1929084243356 59.999999590249 2.49854547855883 4.86286340315692 15.9501390963364 4.78145139923322 177.159905664123 101.246272104098 69.6969368060516 59.1787046312844 2.37837234262684 4.73813523557965 16.433594682915 4.38326514963246 170.062647625315 95.6055514025837
C419 87.2887587574355 60.0000016780349 1.02145762856781 4.8983719650258 21.9935107645113 2.05711970975307 140.227986866932 55.7102580968872 85.8373882567751 59.5501193951932 1.28962165263851 4.66661689237812 21.6432635167607 2.3178305130928 142.118080860839 58.0069646749892
C422 88.0826841759847 59.999999590249 1.14525392530539 4.79795764265669 20.7126158119428 3.24686353001524 180.400759436296 77.307026813103 87.0700494721515 59.1787046312844 1.27102024052595 4.6837832339263 20.6524188532575 3.12330376628763 176.003251028817 75.8075026672349
C429 81.6677028262358 59.999999590249 1.82064616800889 4.48336362530685 21.7866533509772 0.986714892367145 169.398568784823 75.3329872306758 81.5875395663402 59.1787046312844 1.82707680466749 4.52347138009934 21.6146063824035 1.32716820771293 167.533469081326 74.6616915430575
C432 89.2092320553536 59.999999590249 1.69897822783725 4.61933606977094 19.6854620489697 2.18436452604033 168.484442340549 67.1506885162687 87.6417065827243 59.1787046312844 1.73364093750555 4.55775206861199 19.7642444233073 2.32107107737481 166.134905310725 67.473310273647
C435 73.0394795081024 59.999999590249 1.67005565773525 4.99289638052767 23.122417553726 1.38664933618271 184.958123410966 88.4717838856403 74.0629271733639 59.1787046312844 1.72349057309759 4.80652962596081 22.7988377107839 1.58336127854508 180.578164501592 85.6436688359887
C438 88.2063815835956 58.804877767521 1.16196820269325 4.56565817331394 23.0206044119859 1.79472273134533 147.628155018239 52.6990348522046 87.0406227298617 58.976544911906 1.28117694467119 4.56289379711344 22.7248227013199 1.97099903804791 148.322244427023 55.4201163539976
C439 92.0826841759847 59.999999590249 1.97858725863872 4.21462430932336 19.5459491452761 4.24686353001524 152.900759436296 62.307026813103 90.5565092983233 59.1787046312844 1.94551984558951 4.3395514741731 19.616216544693 3.93574608471469 152.408760438813 63.2249390724904
C441 83.4848755824397 58.3048773870313 1.1686271168595 4.53823625281074 20.7815986473336 1.80265770249026 122.05787437633 42.115517398755 82.8398121104331 58.6651413636671 1.31011790187619 4.52433897532347 20.7264327073435 1.98814730411546 126.623911889967 46.8369059788408
C443 85.5280802503219 59.0000016780349 1.02145762856781 5.06503863169247 22.3268440978446 1.05711970975307 140.00051040166 53.4507603262177 84.5159399741624 59.0978892750093 1.28962165263851 4.73637555592291 21.9095440720215 1.63370179157171 141.353581627195 55.8745852022037
C448 87.9231483638987 59.999999590249 0.947437578279811 4.45768283877847 21.1637954905438 0.944502787029748 133.726442892179 56.9986431596355 86.6922196105141 59.1787046312844 1.20938612301738 4.53439337444142 20.9775625846917 1.5002212298872 136.091407090823 58.6548645889816
C452 78.7109074941181 59.999999590249 3.62917776891237 4.45509155410253 19.126851609194 4.01359575286634 167.341204810152 71.6682301581385 78.9055926473547 59.1787046312844 3.26320536627383 4.49907691942289 19.2461441730419 3.81496006695371 165.10350929855 71.1168071716759
C456 85.7638359810163 59.999999590249 1.86707343537966 3.9073295308212 21.5262809553621 3.76835615973278 178.884691375185 78.506955003154 84.9661263414557 59.1787046312844 1.87721376670153 4.15147919974293 21.3925627230771 3.54116968865853 175.045130432344 76.9207580763912
C458 88.9967915993314 59.999999590249 1.67970603429507 4.13405051007833 22.4537224218781 3.11294314271956 162.674091937213 67.3410128022303 87.5119672136237 59.1787046312844 1.7020028838401 4.31405691297928 22.2067218966771 3.0505566317865 160.939023482786 66.9308253820412
C461 94.0826841759847 59.999999590249 1.97858725863873 4.63129097599002 19.4626158119428 3.58019686334857 152.900759436296 62.307026813103 92.2997392114092 59.1787046312844 1.94551984558951 4.58543130256825 19.5422020940812 3.39411787242998 152.408760438813 63.2249390724904
C465 30.5252297785639 59.999999590249 2.44014869261898 4.6229529518161 18.7902726019 1.93989676829445 176.64422307935 63.9991066621535 36.8476484679806 59.1787046312844 2.29378247064817 4.60343817450653 18.9500863564185 2.09476132796171 172.8748556135 64.7923306071284
C470 81.4820251106816 59.999999590249 2.46495042504883 4.40122502302041 19.7000743436832 3.74634924112859 181.201587054021 82.6638637346909 81.3671133010275 59.1787046312844 2.34155304018167 4.48030473814589 19.7642451029334 3.53377400778501 177.449769086275 80.9197785732545
C477 84.2063815835956 59.999999590249 1.32863486935992 4.73232483998061 20.6039377453193 3.461389398012 140.128155018239 52.6990348522046 83.5541629036899 59.1787046312844 1.41607686568391 4.6612457284715 20.5784036335792 3.32506956875966 141.887383357022 55.4201163539976
C480 69.0394795081024 59.999999590249 2.33672232440191 4.99289638052767 22.622417553726 1.88664933618271 169.958123410966 73.4717838856403 70.5764673471921 59.1787046312844 2.26309025714844 4.80652962596081 22.3547510071134 1.98958243775861 167.70844236159 73.0611052412443
C481 75.5252297785639 59.6097548326116 2.94014869261898 4.1229529518161 20.3736059352333 1.77323010162779 159.14422307935 56.4991066621535 76.0703215124132 59.4181680652157 2.69848223368632 4.30838238043236 20.3563609180418 1.95935427489053 157.860179783497 58.5010488097562
C483 80.3920592991497 60.000001502432 1.51766394565331 4.48113010893372 19.60718341928 1.70175504925055 133.325136749042 55.3681583481895 80.2881293428307 59.550119207262 1.57610023523328 4.50770850770883 19.6902302404145 1.93090608711463 136.260990732073 57.5504050536303
C484 80.9172648972495 58.9999986146419 2.36222992286992 3.94396322011712 20.0206691646392 3.16315822278329 123.43054741083 48.7814432216119 80.6001359741434 59.0978892557593 2.26229569420535 4.18143674071982 20.0603023368072 3.0913042860377 127.042098302663 51.2320437912101
C485 83.1929084243356 59.3048758553349 1.1652121452255 4.02953006982358 21.6168057630031 0.948118065899889 142.003979446611 58.7462721040981 82.7711611541958 59.2879491463642 1.29917297452513 4.24637557878936 21.466577324514 1.26890292899543 143.299900821914 59.9549545508077
C494 76.4806027613194 59.999999590249 1.35764804365264 4.30769222045966 20.5084819106294 1.22510297713799 129.982979249125 57.8065633105849 76.7731886132217 59.1787046312844 1.53079882724994 4.43909102703213 20.4450017129999 1.63611874135935 132.784941436139 59.184566986801
C496 86.2859082856775 58.6097578569768 2.14611098078507 4.08907879660849 20.2869910025581 3.74450765128159 154.371699544622 66.258604432823 85.2363044039124 58.9659387735445 2.06988334443308 4.30210624394067 20.2823463232613 3.55513602065081 154.334771637141 66.9247100799139
C497 82.6677028262358 59.999999590249 2.15397950134223 4.06669695864018 20.2033200176439 2.32004822570048 139.398568784823 57.8329872306758 82.4591545228831 59.1787046312844 2.09687664669291 4.2775915517042 20.2083318207803 2.41042463228233 141.794024801322 59.9820340158556
C499 80.2361130922179 59.999999590249 2.47374374612898 4.5845913319526 20.4570040212199 3.47499892639908 167.446615471941 77.5815150315608 80.0892142352103 59.1787046312844 2.33060177309334 4.56621287786611 20.4303752261639 3.35047362902268 164.464431629142 75.2839155715428
C502 83.6340316775526 59.999999590249 3.000251161018 4.38719901740984 20.6996388343857 0.956922283663 212.02883528477 110.581051529043 82.8665777244247 59.1787046312844 2.76940559124565 4.46481617847667 20.6524182873582 1.26913482094978 202.754362256476 102.699952472715
C503 65.1088260794528 59.999999590249 2.1556851838014 5.00769923955977 21.7861530890264 1.16218577679692 194.423424622982 97.1677666556204 66.865501875339 59.1787046312844 2.08321013227359 4.84026391114471 21.6146063019769 1.46280715273845 188.378764095883 92.2415622754754
C504 77.0826841759847 59.999999590249 2.47858725863873 4.92295764265669 20.2959491452761 1.16353019668191 180.400759436296 92.307026813103 77.4822849501791 59.1787046312844 2.35021960862765 4.75754718244485 20.2823466001987 1.43071560289795 176.003251028817 88.3900662619794
C505 95.6340316775526 59.6097574082012 1.66691782768467 4.63719901740984 21.1996388343857 2.456922283663 154.52883528477 58.0810515290427 93.3259572029401 59.4181682522163 1.69020622314395 4.61234407551376 21.0965049910287 2.48779829859035 153.420427386469 58.6609798911089
C506 80.3920592991497 59.999999590249 2.18433061231998 4.39779677560038 19.85718341928 4.53508838258388 180.825136749042 77.8681583481895 80.2881293428307 59.1787046312844 2.11569991928414 4.4585325420298 19.9122735922498 4.2328259893246 177.015110842079 76.424250445747
C514 75.9231483638987 59.999999590249 1.63332277417467 4.75889397060667 20.616240748399 3.92182012555837 178.726442892179 64.4986431596355 76.2328401319988 59.1787046312844 1.65338692069878 4.69874533783321 20.5784039792361 3.66941295281053 174.700573510829 64.9461463863538
C516 80.1088260794528 59.999999590249 1.82235185046806 4.00769923955977 20.8694864223598 2.82885244346359 161.923424622982 72.1677666556204 79.9397262234832 59.1787046312844 1.81341029024816 4.25015232299637 20.8004473452477 2.8168776834502 160.494366125878 71.2706229509013
C522 81.9259988356567 59.999999590249 2.17033279931867 4.895905200397 17.5310983853828 4.47812858692004 134.582730214489 66.4502968236996 81.1919987675762 59.1787046312844 2.10585091353315 4.74277957501079 17.8398690530587 4.15489204520861 136.744438454523 66.5138706437161
C523 88.9259988356567 60.6097574082012 2.003666132652 4.895905200397 20.7810983853828 3.31146192025337 159.582730214489 78.9502968236996 87.2933034633768 59.8703983724001 1.97095099252043 4.74277957501079 20.7264326269169 3.20704267371038 158.193975354526 76.9993403060032
C526 85.5280802503219 59.999999590249 2.14382538442964 4.92663084827309 21.4551302388838 1.16287189632278 187.50051040166 100.950760326218 84.5159399741624 59.1787046312844 2.07174685841897 4.74582434304216 21.3185485224519 1.49698399579039 182.107701737201 95.7193699188945
C527 78.2859082856775 59.999999590249 1.47944431411841 4.67241212994182 20.7869910025581 1.91117431794826 151.871699544622 76.258604432823 78.2633847515689 59.1787046312844 1.53028366038223 4.64633800369387 20.7264330269318 2.06565843686788 152.189817947141 75.3130858097436
C528 82.2859082856775 59.999999590249 1.47944431411841 4.58907879660849 21.7869910025581 1.24450765128159 161.871699544622 83.758604432823 81.7498445777407 59.1787046312844 1.53028366038223 4.59716203801484 21.6146064342728 1.52403022458318 160.769632707142 81.6043676071158
C530 81.7638359810163 58.8048782553264 2.200406768713 4.57399619748787 17.9429476220287 4.76835615973278 141.384691375185 66.006955003154 81.479666515284 58.9765446946417 2.14701360872695 4.54488692517516 18.2099413467719 4.35361200708558 142.870825082339 66.4352884141041
C533 55.6340316775526 59.999999590249 3.000251161018 4.84553235074317 16.1163055010523 4.79025561699633 142.02883528477 68.0810515290428 58.4613589412222 59.1787046312844 2.76940559124565 4.73528398971133 16.5816235037119 4.3834970415868 142.695658936467 67.0493556209385
C534 87.9259988356567 59.804879543118 1.02145762856781 4.8983719650258 22.3268440978446 1.39045304308641 134.582730214489 61.4502968236996 86.4216885068338 59.5993531058962 1.28962165263851 4.66661689237812 21.9095440720215 1.86174469874541 136.744438454523 62.3196827788013
C535 93.2859082856775 58.8048782358085 0.979444314118406 4.00574546327515 20.1203243358914 4.41117431794826 164.371699544622 76.258604432823 91.3376090997131 58.9765454830163 1.12558389734409 4.25293027826164 20.1343174220378 4.09676423293551 162.914586397142 75.3130858097436
C539 71.0826841759847 59.999999590249 1.81192059197206 4.46462430932336 19.2126158119428 4.24686353001524 170.400759436296 82.307026813103 72.2525952109214 59.1787046312844 1.8106199245768 4.48707937121019 19.320158742246 3.93574608471469 167.423436268816 80.0016905321497
C540 89.0394795081024 59.999999590249 1.17005565773525 3.99289638052767 22.122417553726 3.21998266951605 144.958123410966 78.4717838856403 88.0087664780511 59.1787046312844 1.31879081005945 4.21641803781247 21.9106643034429 3.07283886232801 146.258905461587 77.2552931061591
C542 89.9231483638987 59.999999590249 2.466656107508 4.42556063727333 19.4495740817324 4.25515345889171 148.726442892179 76.9986431596355 88.4354495236 59.1787046312844 2.32788652576235 4.50204147511709 19.5422016706716 3.94022705895288 148.961129230825 75.4316160486409
C545 77.9231483638987 59.999999590249 2.966656107508 4.59222730394 18.7829074150657 4.08848679222504 183.726442892179 94.4986431596355 77.9760700450847 59.1787046312844 2.73258628880049 4.60039340647515 18.9500860657776 3.8048200058817 178.990480890829 90.1112735758428
C546 91.9967915993314 59.999999590249 3.01303936762841 4.96738384341166 16.5370557552114 4.44627647605289 132.674091937213 67.3410128022303 90.1268120832525 59.1787046312844 2.78120225194181 4.80581656976956 16.9516959032428 4.1338130563559 135.199579202782 66.9308253820412
C547 83.5252297785639 59.999999590249 1.27348202595231 4.6229529518161 23.3736059352333 1.60656343496112 159.14422307935 66.4991066621535 83.0432411647568 59.1787046312844 1.34948302355918 4.60343817450653 23.0208811400648 1.82394722181936 157.860179783497 66.8894245395858
C556 67.2092320553536 59.999999590249 1.53231156117058 4.78600273643761 20.018795382303 2.01769785937366 173.484442340549 79.6506885162687 68.4661775387795 59.1787046312844 1.59874101649284 4.65610399997005 20.0603022257543 2.18566402430364 170.424812690726 77.9587799359341
C571 72.4820251106817 59.999999590249 2.79828375838217 5.15122502302041 17.4500743436832 4.07968257446193 183.701587054021 87.6638637346909 73.522578692141 59.1787046312844 2.6113528822071 4.92288842925715 17.7658549364162 3.80458811392736 179.594722776275 85.1139664381693
C574 82.0826841759847 59.999999590249 2.31192059197206 5.13129097599002 16.7959491452761 3.91353019668191 180.400759436296 79.807026813103 81.8403597328938 59.1787046312844 2.21531968761494 4.88048709664242 17.1737396745052 3.66493197857234 176.003251028817 77.9045965996923
C577 41.4820251106816 59.999999590249 1.29828375838217 4.73455835635374 18.1167410103498 2.74634924112859 146.201587054021 57.6638637346909 46.5025150393097 59.1787046312844 1.39725359309268 4.67700860086201 18.3579705413102 2.72133168935796 147.420417426271 59.9488392486804
C579 46.2092320553536 59.999999590249 2.28231156117058 4.57766940310428 15.8521287156364 4.35103119270699 105.984442340549 49.6506885162687 50.1622634513776 59.1787046312844 2.20579066105005 4.53316408577247 16.3595796951668 4.08136276730009 112.511063060717 52.7936527464451
