GenID	FL21_STAND_BLUE	FL21_TPF_BLUE	FL21_EL_BLUE	FL21_EW_BLUE	FL21_SOL_BLUE	FL21_TP_BLUE	FL21_CUR_BLUE	FL21_STAND_BLUP	FL21_TPF_BLUP	FL21_EL_BLUP	FL21_EW_BLUP	FL21_SOL_BLUP	FL21_TP_BLUP	FL21_CUR_BLUP
C004	61.03328839	0.988941124	19.00283812	4.603231853	0.844348747	126.6935778	43.60289332	59.88345838	0.991824455	19.87808567	4.799703249	0.815767413	119.0473546	53.47869208
C005	47.83457108	0.991522019	26.40478841	5.248121738	0.750808773	141.158205	54.95107887	48.13141566	0.993189085	25.61676276	5.028162398	0.789139494	126.614467	54.60346254
C015	77.64628993	0.991586	22.65018175	4.654853393	0.805141923	116.0576649	43.72807274	76.56550578	0.993222908	22.33871259	4.817990776	0.805947498	113.7645951	53.3807346
C021	47.83457108	0.992836988	21.51326844	5.031251565	0.86983933	126.1883382	57.02700149	48.13141566	0.993884367	21.6971798	4.951334035	0.824843091	119.0557617	54.80215494
C024	32.62845395	0.988941124	19.00283812	4.603231853	0.842928801	123.3776378	68.24315938	36.46507778	0.995138607	22.46085105	4.914830427	0.812709926	116.1842683	55.07644009
C025	80.21177096	0.995606093	20.71072217	4.557883129	0.808273264	103.2848118	59.80866227	78.56120107	0.995348509	20.86033396	4.78363895	0.807335309	107.937577	54.97217283
C027	30.21177096	0.997188587	25.55746144	4.494820999	0.812831597	93.13588612	59.09340262	32.62596528	0.996185243	24.74403409	4.761298578	0.808702595	102.8130999	54.90371332
C029	46.19252259	0.998585366	26.8662234	4.595947512	0.834725221	89.52628022	27.67794101	47.3643181	0.996326645	25.46201995	4.840427271	0.809602976	104.0332002	53.08896186
C030	52.41357562	0.995309761	28.38186955	5.481272734	0.686978923	98.69688905	95.05754978	52.91517521	0.995149455	26.55627313	5.031001374	0.773202562	105.1865326	57.93784353
C031	35.64628993	0.997931729	29.93594257	5.464577547	0.704039475	105.8223492	77.68338137	37.97990772	0.996578175	28.17680467	5.104843413	0.775621496	108.5964974	56.63069278
C032	63.52101478	0.998013334	24.19182507	4.285989686	0.829560771	94.12697285	49.11876738	63.15565692	0.996621332	23.89086009	4.687317626	0.814835973	103.2330877	53.7011908
C033	35.83457108	0.996468512	26.85479651	5.233353277	0.784525106	117.6499274	62.86648232	37.10695907	0.995804514	25.97735499	5.022930527	0.799252817	114.7444788	55.36106809
C034	7.521014783	0.988941124	19.00283812	4.726349616	0.777621205	116.47624	53.38633129	11.70819284	0.995138607	22.46085105	4.874258766	0.799256535	113.3798702	54.16137656
C035	40.21177096	0.997718279	23.43488543	4.521295054	0.841386313	108.1700563	33.41232432	41.81301244	0.996465315	23.04321045	4.770677269	0.817267674	110.4042739	52.44570501
C036	78.84500724	0.993171296	23.60955822	4.558652998	0.863898045	113.6800961	45.57985455	77.29309191	0.994061127	23.29998032	4.783910202	0.822141889	112.3005772	53.51937018
C037	23.49749188	0.994911251	27.13653695	4.090464881	0.82982328	125.3178495	43.36816133	29.3752388	0.995056896	25.39445587	4.737378117	0.809869915	116.0069929	53.77122962
C039	8.21177096	0.997003761	27.48360569	5.338967346	0.681926332	88.32437416	69.47306257	12.41446154	0.996087518	26.28745663	5.060345611	0.769437142	100.3836327	55.89717979
C040	3.795087974	0.9987701	26.75339532	4.297679932	0.764203491	66.90143619	54.20291707	12.0332097	0.99639303	25.06538561	4.776223409	0.798842198	96.7446652	54.46269766
C042	36.62845395	0.998297667	25.78094712	5.046765695	0.633985332	82.76579267	88.91958874	39.86361185	0.996273917	24.6146022	4.943231072	0.775844316	102.4685012	56.11567371
C046	20.84500724	0.998544689	23.7995826	5.523272948	0.762616173	129.7925917	95.66141047	24.0082184	0.996902277	23.45224717	5.125636177	0.791762067	120.4362279	58.31281688
C047	89.03328839	0.990703975	18.35686185	4.864722747	0.846295189	127.811171	29.54108221	85.60719042	0.992756552	19.36046382	4.892338935	0.816351254	119.6116587	52.13279656
C048	36.84500724	0.994850212	24.65482322	4.992069688	0.851336978	132.9476837	44.71518083	38.70749385	0.994984294	23.98375098	4.925695963	0.818374157	122.0293223	53.43660982
C054	87.03328839	0.995162275	23.54745421	4.785648792	0.809739652	127.8661016	54.14942983	83.76978099	0.995113852	23.51969399	4.864326219	0.805386304	119.6393947	54.48813078
C055	95.41048827	0.992965467	20.77345517	4.613385833	0.824868033	133.977981	60.55935437	92.15065323	0.993952297	21.10311981	4.803300671	0.810883267	123.1719017	55.00542002
C058	79.41048827	0.985796618	18.26450504	4.181431601	0.900481301	111.8764107	31.96081832	77.45137778	0.990161811	19.09269396	4.650276693	0.833563708	112.0121993	52.26817362
C060	73.41048827	0.996105537	21.06909521	5.484397234	0.785759564	107.4431515	48.85087309	71.93914948	0.995612591	21.34001666	5.111864909	0.799152556	109.7737225	53.88476831
C061	71.83457108	0.996559205	24.43422479	4.385371034	0.829486727	119.5208508	49.25813888	70.18032884	0.995852467	24.0377469	4.722524591	0.812739198	115.6891604	54.05857523
C063	57.52101478	0.992530907	20.29398365	5.25923313	0.814180138	122.9330053	65.92334488	57.64342862	0.993722531	20.76751337	5.032098558	0.810222503	117.7780609	55.30960422
C064	59.79508797	0.990967624	20.34457279	4.530590821	0.818299074	119.3220973	49.61894812	59.61268668	0.993588954	20.7812386	4.826359473	0.808386725	114.448603	54.23229934
C069	42.21177096	0.992717326	23.39757011	4.669430933	0.749070506	132.779151	53.15093857	43.65042187	0.993821091	23.01330962	4.823155842	0.789577252	122.8300956	54.33494335
C073	65.03328839	0.998121835	21.7679057	4.524999028	0.869810808	103.4017829	44.38496387	63.55827724	0.996210733	22.25526947	4.830915991	0.823404839	107.2866745	53.55354626
C074	50.84500724	0.995345995	21.27735285	4.783456536	0.818483892	125.4979409	53.13806328	51.56935987	0.995210987	21.43118033	4.863549036	0.808519768	118.2677383	54.24278761
C089	74.41357562	0.997431842	19.79619637	5.045250316	0.782374978	104.7059159	45.93389663	71.9004847	0.995912094	20.81695269	4.937143812	0.803360552	109.4046993	53.78680411
C103	93.64628993	0.99539529	22.15685022	5.461485337	0.741389061	138.6798911	43.06897602	91.26478123	0.995237048	21.94340522	5.103747967	0.786824623	125.1871913	53.3176506
C110	29.64628993	0.996094076	25.38804818	4.478989522	0.775861685	81.94971156	44.32788192	32.46767942	0.995481983	24.22563229	4.821011376	0.797164797	96.54253348	53.43814402
C112	95.03328839	0.99556235	25.96848863	5.356124748	0.691571107	101.7502594	77.28098084	91.11941872	0.99532539	25.45967283	5.066422861	0.769941271	106.4527739	56.70211665
C116	59.64628993	0.995712918	20.11649958	4.636891077	0.839655242	121.5325632	29.8592608	60.02882089	0.995404991	20.30846891	4.811627451	0.816299879	116.5290248	52.05331156
C118	39.49749188	0.996950709	26.90259282	5.506759243	0.68743641	89.50240067	76.10412693	42.96937508	0.995789842	25.23806973	5.042247615	0.784747431	103.9111043	55.41659669
C138	53.64628993	0.991500742	22.6963448	4.799578557	0.87675233	121.6571046	30.87472891	54.5165926	0.993177828	22.37570311	4.869261069	0.827427269	116.5919092	52.15050487
C153	48.84500724	0.998243021	24.62313215	5.12382801	0.851046795	90.79913102	57.24528473	49.73195044	0.996742772	24.11215878	4.984128933	0.818287115	100.7473366	54.63590134
C155	75.41048827	0.991298896	22.45742773	5.118316037	0.804560461	97.93156469	53.05157659	73.77655891	0.993071108	22.45248979	4.982177094	0.804791945	104.9710557	54.28682947
C165	36.21177096	0.997653424	21.86805589	5.003398628	0.782243682	101.8316808	68.45940597	38.13819358	0.996431023	21.78770737	4.941467138	0.799527652	107.2038504	55.80015986
C166	94.41357562	0.988941124	19.00283812	4.603231853	0.821638851	119.8274703	68.40030461	88.89315505	0.995138607	22.46085105	4.914830427	0.810288199	114.5116753	54.9160052
C168	87.03328839	0.998432498	24.30231428	4.511064725	0.850293341	93.7264659	43.01898907	83.76978099	0.996842963	24.1245646	4.76705215	0.817550513	102.4013357	53.42280496
C172	97.03328839	0.988941124	19.00283812	4.603231853	0.835799804	113.128998	28.49040537	92.95682815	0.995138607	22.46085105	4.914830427	0.81320313	112.198218	52.03223332
C178	58.95553375	0.992867215	20.38284578	4.341953768	0.823766323	111.9085613	38.97964426	59.32255219	0.994271646	21.20911402	4.785753204	0.812649355	111.5891568	52.67842704
C180	77.03328839	0.999010882	20.8646294	4.502970695	0.832740453	117.0508489	53.80777698	74.58273383	0.996479568	21.45009562	4.820413214	0.812285468	114.1784705	54.45543023
C187	50.95553375	0.993500977	24.99336586	5.083960224	0.747084732	119.2482736	72.6439285	51.97291447	0.994235449	24.45742253	4.9700056	0.789648467	115.2951833	55.90053046
C188	44.84500724	0.99773881	23.24212661	4.911178734	0.841238457	113.8108088	48.40768332	46.05713158	0.996476173	23.00555677	4.908795864	0.815345073	112.3665778	53.79002963
C189	57.83457108	0.995419502	20.67119107	5.569948821	0.772185453	136.5637618	64.94853777	57.31846281	0.995249856	21.02242182	5.142172764	0.795551498	124.2946039	55.56034747
C190	52.95553375	0.988105471	16.96510888	4.211376017	0.888655379	107.5860371	21.45035823	53.8103239	0.991382607	18.02436704	4.660884179	0.832113035	109.4065931	51.00064973
C191	35.49749188	0.991148889	22.96832264	4.791147715	0.882111914	117.5717148	34.92297397	39.57084101	0.993704768	22.60810272	4.888206102	0.819095627	113.3909044	53.34675969
C193	45.03328839	0.995387591	20.32931724	4.560817872	0.76999374	120.3890028	56.54986127	45.18418293	0.995232987	20.94099555	4.784677685	0.79346439	115.8639979	54.71788283
C194	62.84500724	0.995970995	23.80817449	4.469028385	0.760553379	109.0231138	66.82409959	62.59381646	0.995541452	23.45913187	4.752159813	0.791143326	109.9491363	55.55271668
C196	39.1438149	0.995770902	22.19144142	4.845654456	0.79926328	107.3593595	57.31088839	40.07550923	0.995435665	22.48171359	4.885584025	0.804788988	109.4680429	54.58150446
C203	98.21177096	0.995590961	17.42598281	4.252739244	0.835268196	104.4744203	38.56937339	95.09788596	0.995340508	18.22826692	4.675538768	0.815432525	108.5382437	52.9393007
C208	43.1438149	0.990304245	20.98559752	4.348932211	0.824645027	105.5373667	55.7028418	43.75032809	0.992545202	21.5154689	4.70961535	0.812402324	108.5480677	54.42759379
C209	15.79508797	0.998761699	20.26845367	4.933245098	0.733282496	83.94895209	31.38624537	22.22881191	0.996390011	20.73035476	4.913034257	0.793386553	102.5020928	53.3158917
C227	73.1438149	0.992645319	20.73370048	4.598339185	0.824893845	103.7252957	43.5342843	71.31146957	0.993783031	21.31362338	4.79797019	0.812476958	107.6331022	53.26290689
C229	59.1438149	0.99384041	22.08613941	4.963026268	0.762257686	111.893693	60.0464699	58.44960355	0.994414929	22.39733491	4.927164128	0.793689041	111.757555	54.84333466
C247	31.79508797	0.995521558	22.80646732	4.979087987	0.762991954	110.7897422	70.32233513	35.82294819	0.995225559	22.42695715	4.922902331	0.798628436	111.5669857	55.27288789
C249	28.62845395	0.995407795	31.33288942	5.206925185	0.581716015	91.78486526	81.37943335	33.06654371	0.995235347	28.32594495	4.977706775	0.766622012	105.5144968	55.73669227
C254	15.1438149	0.993274179	27.25874222	5.293285377	0.698445619	102.2254504	84.73226453	18.02659605	0.994115537	26.54215003	5.044161621	0.774548408	106.8757883	57.20608156
C256	47.03328839	0.996578069	27.10451358	5.31546252	0.790239951	108.5850578	68.78280254	47.02159236	0.995862445	26.36997149	5.052017873	0.799537306	109.9038553	55.88873208
C294	75.83457108	0.989847832	16.33401061	4.24272868	0.89594976	115.2862452	24.87306126	73.8551477	0.992303868	17.547032	4.671992153	0.832674998	113.5509894	51.7246108
C316	61.03328839	0.998638157	26.60311081	6.339166826	0.696203302	95.68793414	98.46953104	59.88345838	0.996951704	25.96819663	5.414675054	0.771330712	103.391736	58.73013244
C317	48.21177096	0.997301478	30.38203226	4.633880354	0.797604883	104.2960402	67.56950182	49.16265017	0.995865232	27.491044	4.84859343	0.804135294	108.4481746	55.71498463
C318	39.52101478	0.99445071	19.86315864	5.120018886	0.849340413	131.8981392	47.11825638	41.10674374	0.994840727	20.8617154	4.953238388	0.82076894	122.3048084	53.50971626
C319	49.1438149	0.996222439	24.31766009	4.581136933	0.804970216	105.7076591	56.02829048	49.26255639	0.995477455	23.83944477	4.83723943	0.806500801	108.6340531	54.4587434
C325	60.84500724	0.994554438	24.72798838	5.197724479	0.860129423	105.5567037	52.07552395	60.75640703	0.994928664	23.78439784	4.975725234	0.821011478	108.1988487	54.14108898
C327	6.192522595	0.995530137	26.10265014	4.88964074	0.789881627	101.2224975	55.97951367	13.3789774	0.995228648	24.9515892	4.903647255	0.801690853	107.9833431	54.51144856
C328	23.64628993	0.996929892	25.12524243	5.001771284	0.801406155	124.0978219	46.95302705	26.95545113	0.996048459	24.32198276	4.940889804	0.804826943	117.8242958	53.68940405
C344	63.41048827	0.98863633	18.46356298	4.827694775	0.854421834	127.0778952	28.99079864	62.75210232	0.991663291	19.25219941	4.879221693	0.819748024	119.6878549	51.98390467
C352	98.21177096	0.997374872	19.31848782	5.025178399	0.826467389	99.69718852	42.20088582	95.09788596	0.99628374	19.74473429	4.949182833	0.812792695	106.1260854	53.28688298
C353	95.87405418	0.997797864	18.32341108	5.26435949	0.892756465	118.9274645	35.71213334	88.93421698	0.996094304	19.95270588	4.990069666	0.820373041	114.0840934	53.54243266
C355	91.87405418	0.99499289	15.01967475	4.398430568	0.837868097	114.7438386	28.39487328	85.53568291	0.995086245	17.74423591	4.803671045	0.810688636	112.6711648	53.17465433
C365	44.62845395	0.998869897	21.90430798	4.569595661	0.854488152	72.48458007	44.26516515	46.66067999	0.996479567	22.02316018	4.840516134	0.814749437	98.99624537	53.87126403
C367	10.95553375	0.999378408	23.89200239	5.11342436	0.791364556	111.1671609	65.69113728	15.22472584	0.997343106	23.57489817	4.980443556	0.802930342	111.2148029	55.23505924
C368	89.83457108	0.994770427	21.43543423	5.52491349	0.833700493	114.3570346	54.96509479	86.71701372	0.994906661	21.63481112	5.126218561	0.814003131	113.0818049	54.60480404
C377	86.21177096	0.993198939	16.68937818	4.147691251	0.865983495	127.6717181	24.11647991	84.07342937	0.994441521	18.53710236	4.749697594	0.824645677	120.2512095	51.55597358
C378	95.52101478	0.998463936	15.9797334	4.722210361	0.872704524	120.6957932	36.52040774	92.55420782	0.996283011	18.26573703	4.867606694	0.82777708	116.6484298	52.49536633
C383	34.19252259	0.995388811	24.87211314	5.236357472	0.864225136	140.5024204	49.76694945	37.16871589	0.995177857	24.12900418	4.978281002	0.814807888	121.2492824	54.19919419
C390	15.41048827	0.996262086	22.56011185	5.130924947	0.777345048	129.2729604	58.89600777	18.65427597	0.995695365	22.53477074	4.986643923	0.796628595	120.7962049	54.84621643
C392	19.41048827	0.99435743	23.53293645	4.546537521	0.798126755	115.5940822	66.00011238	22.32909483	0.994857863	23.11185998	4.835552671	0.802862135	113.8893558	55.52617028
C394	63.52101478	0.997540138	20.94095404	4.904108088	0.804910041	97.39151785	55.74010234	63.15565692	0.996371132	21.28593181	4.906292067	0.807441908	104.881448	54.33493741
C401	80.95553375	0.996053737	19.9618096	4.554732997	0.890059875	105.6163207	48.4408816	79.53405594	0.995585206	20.42562824	4.78252172	0.832534318	108.4120281	53.5839887
C403	17.03328839	0.998870153	31.56512261	5.737925659	0.765232424	84.10419582	71.26929836	19.46045089	0.996428992	28.60312347	5.086247852	0.792036219	97.54278184	56.1267216
C415	83.52101478	0.997493036	19.43301804	5.794549182	0.803752852	120.1741134	66.14735541	81.52975123	0.996346227	20.07762022	5.221739463	0.807094806	116.3850191	55.3310449
C417	45.49338413	0.998818905	20.55283303	5.571827441	0.74067655	125.3287552	71.98409608	45.62035206	0.997010001	21.0480121	5.138097303	0.780327585	119.7650786	56.74930738
C419	87.64628993	0.995737844	21.19670717	5.432596	0.802297045	121.3188664	67.18135861	85.75255293	0.995418171	21.17404102	5.093513639	0.805094168	116.4211233	55.62551461
C420	57.64628993	0.997090559	19.73317216	5.218605592	0.768881538	112.8529371	56.01221554	58.19141146	0.996133411	20.00130802	5.017705461	0.79507108	112.1464382	54.55648449
C421	87.52101478	0.989400527	18.85203558	5.252337366	0.78136173	136.3955156	77.46039675	85.2045701	0.992067361	19.61207803	5.029655667	0.800378517	124.5756597	56.41384793
C428	91.03328839	0.995375401	21.21770279	5.392753953	0.820081005	141.5557564	64.08230979	87.44459985	0.995226541	21.65286035	5.079399113	0.808488226	126.5516851	55.43883469
C430	80.84500724	0.992446286	21.35448364	5.254115852	0.823132684	137.6647838	62.24883412	79.13050134	0.993677782	21.49298537	5.030284665	0.809914188	124.4111184	55.11480514
C445	77.83457108	0.998566379	19.46495329	4.716839856	0.846777801	117.8015045	26.14994195	75.69255713	0.996913749	20.05586151	4.839950637	0.817925712	114.8210143	51.84682464
C464	83.03328839	0.996625768	17.57837909	4.458718092	0.839369222	98.91333092	46.66242712	80.09496213	0.995887666	18.73666431	4.748507847	0.814273788	105.0203292	53.77152868
C466	93.1438149	0.994341046	21.67842387	4.535959186	0.745864398	116.6096738	80.15078392	89.68556388	0.994851983	22.19545297	4.833275259	0.788771822	114.1387859	56.76757516
C467	36.62845395	0.997976226	19.24013564	4.97050752	0.871001324	105.6060312	39.87503164	39.86361185	0.996158396	20.24222368	4.926815847	0.817662992	110.1822948	53.65060822
C468	87.79508797	0.988941124	19.00283812	4.603231853	0.861856163	127.0881259	24.67469051	83.40242517	0.995138607	22.46085105	4.914830427	0.81607186	117.0714102	52.97855718
C489	84.84500724	0.995854639	20.84505263	5.050082786	0.857670021	115.3587073	49.59388678	82.80532021	0.995479929	21.08477746	4.958003972	0.820273773	113.1481551	53.9035645
C491	27.52101478	0.997712425	25.20417052	4.826417043	0.748974186	102.8989649	50.62129784	30.08228715	0.996462228	24.70205416	4.87876926	0.790663769	107.6623124	53.84500222
C513	38.84500724	0.994597294	19.90407186	5.027861431	0.851612321	106.2678828	62.04243233	40.54490328	0.994815116	20.33076803	4.950131841	0.818456746	108.557943	55.09504984
C520	95.41048827	0.987195396	15.66679409	4.81224008	0.843449174	111.7288255	27.50932351	92.15065323	0.990901406	17.01114392	4.873746717	0.816456739	111.9376794	51.84210852
C530	97.83457108	0.997698153	20.05143721	4.415754189	0.871700642	104.1545637	31.37750558	94.06665145	0.996454679	20.52581203	4.733288118	0.825401397	107.9302914	52.34716947
C536	93.83457108	0.998366329	20.33615277	4.578367194	0.794645058	105.5279256	48.49149371	90.39183258	0.996807973	20.75395508	4.790895353	0.802288328	108.6237403	53.98519746
C543	87.03328839	0.999009844	19.53181137	5.044032045	0.902906117	92.57243782	24.45505629	83.76978099	0.996479195	20.55913814	4.936881306	0.833331883	101.8186346	51.6459987
C546	87.52101478	0.993669435	17.08807694	5.007354106	0.81826668	96.75924807	41.79302644	85.2045701	0.994324521	18.19861507	4.94286797	0.811448275	104.5621973	53.00002351
C567	25.64628993	0.996919315	26.74798355	4.949833714	0.810623909	113.1219074	56.42779817	28.79286056	0.996042867	25.62228788	4.922490416	0.807591838	112.2822489	54.59626107
C568	17.83457108	0.998719404	28.23830246	5.038851051	0.755262111	86.39902657	66.45764107	20.57027418	0.99699466	27.08596058	4.954026227	0.790475287	98.96502298	55.704788
C569	31.64628993	0.993339233	26.00949138	5.695159645	0.748492919	111.5387307	86.9326953	34.30508885	0.99414992	25.0305329	5.186529358	0.788955448	111.4828586	57.51597065
C570	26.41357562	0.995115699	30.05675951	5.594131663	0.661970774	111.7179206	90.8715048	31.11807586	0.995079712	27.67589765	5.055295226	0.782116651	111.7728513	56.04544715
C571	65.27715158	0.996290817	22.45128718	4.937780889	0.833302183	107.5275084	48.00123734	64.59168339	0.995802409	22.50741046	4.917137152	0.818859141	108.9899442	53.21144065
C572	56.84500724	0.995063397	22.92108573	5.026674306	0.828973982	97.88968637	59.10171541	57.08158817	0.995061564	22.74830618	4.949711291	0.811666304	104.3275568	54.81358555
C573	16.95553375	0.988941124	19.00283812	4.603231853	0.6611264	106.4768	106.9817926	20.73695413	0.995138607	22.46085105	4.914830427	0.76386499	108.8465083	59.1871041
C574	15.49749188	0.996557317	25.87912812	5.389873475	0.788161556	109.0784818	83.0748132	22.57817066	0.995648464	24.55390767	5.017086952	0.802519195	110.5224998	55.76695562
C579	92.95553375	0.991309969	18.02006423	4.839377593	0.825425583	137.0292123	65.14183112	90.55851253	0.993076966	18.86970449	4.88335983	0.813147056	124.2732776	55.1824836
C583	20.95553375	0.996965299	23.9535364	5.315151228	0.766450059	112.6049927	47.79702144	24.41177299	0.996067189	23.62420548	5.051907256	0.795457159	111.9408045	53.52236304
